SM:2023-02-07T08:28:19.3749163Z
LM:2023-02-07T08:28:19.7955795Z
CT:image/jpeg
MA:604800
CL:20361
