SM:2023-02-07T08:36:42.3884647Z
LM:2023-02-07T09:10:06.5275868Z
CT:image/jpeg
MA:604800
CL:35024
