SM:2023-02-07T02:49:46.6802239Z
LM:2023-02-07T02:49:47.5503861Z
CT:image/png
MA:604800
CL:26230
