SM:2023-02-07T08:28:19.3749163Z
LM:2023-02-07T08:34:54.4471388Z
CT:image/jpeg
MA:604800
CL:20413
