SM:2023-02-07T07:54:36.6862720Z
LM:2023-02-07T07:58:44.8756506Z
CT:image/jpeg
MA:604800
CL:43994
